1024 10
0 1023
0 102 102
0 405 26
0 384 165
1 996 150
2 619 82
2 509 142
2 887 195
2 973 234
2 722 162
2 401 196
2 240 230
3 419 222
4 367 222
4 898 17
4 82 109
5 489 173
5 658 89
5 615 45
6 132 23
6 802 179
6 11 51
6 482 226
6 636 56
6 77 129
6 375 227
6 69 203
7 848 6
7 492 103
7 876 10
7 886 180
7 672 244
7 487 103
7 426 174
7 867 122
7 660 246
8 798 41
8 529 152
8 624 146
8 434 187
8 283 72
8 583 164
8 364 143
8 976 119
8 281 224
9 559 74
9 990 30
9 315 165
10 652 208
10 61 199
11 289 228
11 626 43
11 334 233
11 681 41
11 923 90
11 838 224
11 822 166
11 507 88
12 757 19
13 497 35
13 589 52
13 442 216
13 557 23
13 689 47
13 797 247
13 649 156
13 375 105
14 643 90
14 508 154
14 496 111
14 226 198
14 568 108
14 518 52
14 802 61
14 978 29
14 682 152
15 875 87
15 340 84
15 413 236
15 49 207
15 431 148
15 922 64
15 260 150
15 568 70
15 412 254
16 197 146
16 349 126
16 560 154
16 456 143
16 138 135
16 588 174
17 989 211
17 926 135
17 568 150
17 968 187
17 46 71
17 973 168
18 507 206
18 216 90
18 350 156
18 964 110
18 693 150
18 715 36
18 118 233
19 842 46
19 408 139
19 132 101
19 318 156
19 178 207
19 693 235
19 961 8
19 214 14
20 267 31
20 301 242
21 344 186
21 826 17
21 663 50
21 58 195
21 471 212
21 1019 151
21 180 192
21 279 127
21 398 160
23 257 12
23 168 82
23 246 23
23 578 197
23 920 211
23 885 39
23 638 135
23 59 206
24 191 152
24 283 188
24 815 173
25 884 137
25 514 145
25 666 183
25 188 114
25 425 151
25 812 31
25 68 193
25 252 35
25 218 222
27 300 212
27 958 159
28 983 170
28 186 106
28 356 118
28 418 112
29 225 18
29 533 41
29 929 32
29 777 226
29 286 131
30 297 221
30 409 137
30 652 253
30 972 209
30 321 44
30 1014 253
30 566 168
30 270 88
30 231 237
31 814 195
31 198 31
31 262 127
31 78 68
31 307 56
31 228 181
31 842 79
31 503 219
32 887 167
32 237 191
32 653 172
32 978 186
32 581 92
32 894 83
32 306 175
33 642 190
33 958 53
33 346 105
33 775 142
33 397 30
35 748 9
35 159 240
35 35 138
35 189 10
35 344 45
35 208 131
35 361 158
35 675 7
36 25 246
36 94 234
36 570 216
36 308 233
36 245 160
36 427 54
36 552 165
37 217 54
37 480 124
37 965 201
37 199 211
37 208 3
37 419 112
38 748 61
38 451 254
38 520 68
38 111 173
39 722 225
40 18 246
40 165 132
40 679 87
40 225 156
40 812 211
40 661 173
40 344 163
41 671 157
41 51 130
41 317 248
43 562 149
43 441 112
43 940 70
43 962 48
43 893 137
44 639 242
44 318 25
44 422 106
44 950 205
44 925 181
44 355 227
45 125 106
45 19 169
45 222 127
45 136 246
45 464 75
45 927 11
45 1015 71
45 319 106
46 473 95
46 745 77
46 922 174
46 659 229
46 967 130
46 757 229
47 68 163
47 472 103
47 514 101
47 895 210
47 421 96
47 198 201
48 920 6
49 531 74
49 299 82
49 399 77
50 540 34
50 942 161
51 19 195
51 289 138
51 220 115
51 705 129
51 992 184
51 769 82
52 511 93
52 698 19
52 695 138
52 158 14
52 505 177
52 584 3
52 848 85
53 586 14
53 955 181
53 82 65
53 469 15
53 954 255
53 425 184
54 159 122
54 308 132
57 372 12
57 260 190
57 920 157
58 622 142
58 366 164
59 848 192
59 246 120
59 660 250
59 756 207
59 992 174
59 75 63
59 708 138
59 512 83
60 362 249
60 60 180
60 777 72
60 447 54
60 709 116
60 956 20
60 950 9
60 535 110
60 796 233
62 340 7
62 195 34
62 26 60
62 562 228
62 615 238
62 159 111
62 626 130
62 99 102
62 87 4
63 475 55
63 697 121
63 2 108
63 1010 161
64 229 160
64 35 199
64 861 142
65 328 146
65 223 77
66 129 19
66 674 78
66 865 150
66 637 33
66 370 167
66 250 77
66 316 119
67 182 235
67 663 72
67 195 6
67 181 231
67 870 48
67 316 53
67 945 19
67 518 139
68 392 111
68 281 44
68 29 235
68 828 216
70 987 156
70 221 213
70 110 56
70 370 31
70 834 66
70 852 205
71 291 218
71 753 23
71 719 6
71 217 51
72 887 240
72 25 116
72 1011 199
72 224 65
72 315 132
72 459 110
72 847 226
73 304 62
74 1019 134
74 353 130
74 868 87
74 253 201
74 376 209
74 441 147
74 400 46
75 664 67
75 803 144
75 665 131
75 297 227
75 856 173
75 369 95
75 984 222
75 392 93
76 953 72
78 757 197
78 321 145
78 605 236
78 351 185
78 247 29
78 897 246
78 859 226
78 775 186
79 110 235
79 823 45
79 790 189
79 883 240
79 944 10
79 363 36
79 267 11
79 473 25
79 720 200
80 489 248
80 732 109
80 918 94
80 345 138
80 874 48
80 163 252
80 935 127
80 512 94
80 12 116
81 874 247
81 246 237
82 558 115
82 503 238
82 626 183
82 365 58
82 979 102
82 254 187
82 64 122
82 892 230
82 525 196
83 887 172
83 373 148
83 943 194
83 80 47
83 714 64
83 483 65
83 93 244
84 281 119
84 1019 23
84 541 204
84 298 69
84 875 100
85 1012 161
85 246 87
86 874 34
86 649 234
86 6 36
88 161 37
88 531 143
88 311 16
89 497 143
89 523 47
89 304 20
89 700 75
89 102 39
89 838 171
90 600 168
90 414 199
90 417 29
90 268 221
90 665 243
90 761 58
90 440 31
90 26 16
90 123 135
91 657 158
91 838 58
91 443 27
91 174 70
92 167 185
92 953 122
92 274 126
93 422 174
93 591 189
93 520 75
93 148 86
93 899 119
93 140 178
93 567 165
93 879 101
93 15 104
95 339 141
95 450 199
95 417 122
95 777 164
95 459 132
95 997 174
96 709 58
96 356 55
96 572 26
97 798 225
97 853 244
97 441 11
97 454 108
98 1006 200
98 146 69
98 427 235
98 658 5
99 842 78
99 359 125
99 128 247
100 125 225
100 62 237
100 912 207
100 505 98
100 977 152
101 1009 125
101 876 50
101 706 154
101 657 145
101 929 233
101 416 225
102 337 96
102 531 149
102 948 125
102 552 2
102 375 107
102 826 136
102 428 194
104 90 150
104 822 48
104 688 215
104 456 184
104 706 204
104 824 207
105 679 76
105 572 125
105 113 187
105 115 229
105 434 151
105 53 61
106 614 189
106 713 36
106 13 58
106 439 53
106 904 182
106 34 2
106 86 102
106 552 156
107 438 244
107 297 121
107 235 73
107 884 180
107 62 171
107 953 77
107 667 109
107 52 254
107 512 33
108 158 115
108 330 132
108 415 161
108 807 89
108 22 150
109 388 206
109 99 103
109 721 61
109 6 17
109 32 201
109 628 186
110 58 149
111 87 7
111 219 24
111 253 214
111 256 241
111 845 202
113 884 252
114 324 169
114 396 229
114 418 133
115 970 77
115 367 163
115 48 98
115 806 208
115 433 109
115 845 197
115 608 187
116 61 27
116 699 94
116 564 209
116 820 46
116 231 46
116 560 213
116 883 226
116 557 183
117 655 31
118 904 37
118 401 200
118 204 240
118 809 193
118 889 165
118 517 83
118 511 72
118 223 82
118 290 6
119 150 177
120 961 116
120 339 77
121 921 208
121 0 248
121 54 109
121 768 164
122 771 113
122 60 212
122 240 253
122 931 211
122 80 172
122 2 249
122 414 52
125 630 116
125 499 76
125 889 236
125 110 245
125 803 198
125 7 148
125 182 13
125 767 150
125 851 110
126 703 195
126 333 81
126 72 163
126 996 249
126 69 38
126 665 212
126 227 51
126 78 8
127 412 78
127 596 72
127 587 219
127 836 76
127 829 55
127 551 196
127 532 159
127 321 74
128 74 150
129 692 51
129 457 137
129 829 149
129 470 148
129 762 221
129 148 49
129 8 131
129 471 134
130 367 35
130 884 235
130 744 158
130 915 11
130 160 124
130 950 97
130 404 245
130 200 149
131 31 200
131 314 184
131 337 134
132 182 202
132 231 206
132 518 184
132 640 253
132 223 86
132 742 34
132 38 21
133 63 250
133 893 110
133 114 83
133 641 126
133 719 239
134 141 191
134 799 170
134 960 5
134 872 16
134 413 55
135 858 212
135 372 129
135 467 146
135 223 251
135 232 66
135 45 14
136 218 139
136 700 45
136 472 110
136 769 32
136 640 149
136 674 77
137 831 233
137 775 230
137 865 227
137 639 112
137 28 145
137 81 122
137 185 131
137 970 176
137 195 6
138 737 169
138 795 78
138 885 252
139 395 111
139 795 15
139 446 250
139 780 19
141 805 15
141 271 211
142 1020 71
142 18 17
142 914 166
142 655 5
142 271 120
143 478 22
143 900 85
143 476 42
143 425 39
144 666 99
145 94 111
145 271 239
146 54 123
146 427 115
146 566 40
147 747 220
147 692 192
147 684 8
147 712 8
147 27 102
147 971 111
148 350 241
148 279 200
148 890 157
148 816 220
148 246 230
148 982 177
148 635 195
148 804 101
149 422 149
149 630 243
149 501 52
149 71 203
149 243 29
149 307 78
149 0 36
149 615 249
150 359 236
150 634 171
151 307 197
153 713 172
153 488 182
153 404 247
153 134 43
153 27 75
153 932 91
153 172 123
154 882 216
154 823 135
154 475 20
154 868 200
154 281 4
155 561 211
155 900 23
155 843 67
155 696 84
155 237 175
156 953 198
156 689 210
157 473 92
157 123 115
157 537 186
157 110 197
157 947 249
159 640 188
159 995 134
159 99 164
159 957 90
159 12 42
159 708 94
160 210 51
160 785 59
160 924 153
160 182 153
160 573 89
160 173 186
160 180 240
160 153 188
160 698 68
161 360 252
161 392 140
161 821 216
161 6 163
161 529 22
161 953 205
161 125 235
162 636 143
162 662 100
162 749 249
162 473 173
162 833 243
162 623 188
162 691 48
162 752 32
163 766 8
164 968 121
164 461 99
164 555 239
164 815 163
164 730 107
165 443 139
165 663 188
166 702 90
166 76 157
166 941 236
166 70 1
166 754 99
166 592 254
166 863 105
166 277 69
167 296 205
167 232 190
168 507 130
169 489 253
170 14 82
170 773 216
170 173 6
170 492 180
170 616 15
171 219 180
171 802 96
171 474 184
172 598 146
172 800 117
172 121 214
172 604 122
172 911 39
172 217 214
172 588 18
173 856 114
173 608 228
173 191 54
173 418 32
173 243 163
173 454 130
174 404 224
174 753 28
174 522 151
174 340 65
175 56 14
175 331 104
175 902 241
175 261 22
175 281 244
175 23 196
175 578 210
177 320 36
177 942 142
177 233 55
178 577 46
178 541 175
178 391 80
178 7 124
178 467 20
178 343 130
178 211 171
178 286 197
179 507 158
179 189 120
179 849 128
179 1020 190
179 710 216
181 951 126
182 288 132
182 940 162
182 84 157
183 254 184
183 488 94
183 486 106
183 344 139
183 378 18
185 454 5
185 73 176
185 105 50
185 390 30
185 930 21
185 25 111
185 292 127
185 524 5
186 585 56
187 434 247
187 455 197
187 551 248
187 805 214
187 962 26
188 976 119
188 466 176
188 610 221
188 166 104
188 515 218
188 611 232
188 661 159
188 97 101
188 816 209
190 269 27
190 359 200
190 635 237
191 561 148
191 724 150
191 802 37
191 284 158
191 851 49
191 417 6
191 632 118
192 636 165
192 604 45
192 781 51
192 998 107
192 703 94
193 855 170
193 467 236
193 215 233
193 765 53
195 485 165
195 815 233
195 912 201
195 640 86
195 942 191
195 159 255
195 203 35
195 332 242
196 158 114
196 727 147
198 403 177
198 113 181
200 691 96
200 1021 248
200 52 247
200 373 120
201 1019 93
201 974 46
201 934 240
201 618 180
201 504 176
201 709 119
202 106 164
203 375 72
203 130 122
203 900 155
203 110 242
203 650 138
203 474 142
204 580 144
204 176 164
204 579 46
205 610 40
205 75 141
205 537 255
205 688 121
205 315 122
205 977 203
205 660 155
205 710 241
205 303 224
207 710 48
208 821 21
208 676 169
208 757 238
208 343 10
208 905 110
208 366 104
208 894 72
209 747 51
209 913 194
209 1004 171
209 549 159
210 476 250
210 888 2
210 581 156
210 742 185
211 543 101
211 573 122
211 136 132
211 745 160
211 341 201
211 231 9
211 553 7
211 786 216
212 63 167
212 933 250
213 250 29
213 542 195
213 952 150
213 51 187
214 496 149
214 179 53
214 95 133
215 1020 146
216 940 253
216 539 96
217 280 171
217 442 236
217 661 189
217 70 93
218 609 65
218 610 214
218 394 155
218 997 205
218 143 44
218 557 3
218 25 44
218 435 9
218 376 26
219 165 17
219 771 125
219 958 129
219 458 86
219 470 191
219 121 84
219 163 200
220 614 253
220 658 67
220 220 42
220 29 136
220 4 128
220 310 75
220 487 21
221 7 190
221 605 61
221 637 98
221 1 61
221 504 217
221 108 230
221 327 16
221 123 108
221 330 70
222 937 43
222 154 191
223 1005 183
223 310 2
223 966 102
223 838 200
223 323 210
223 80 19
224 48 135
224 828 7
225 632 212
225 530 129
225 245 167
225 469 97
225 865 108
226 1019 76
226 777 209
227 174 177
227 978 159
227 385 170
228 195 117
228 796 156
228 630 54
228 664 61
228 60 25
228 131 15
228 579 13
228 904 149
228 800 161
229 1017 112
230 61 143
230 53 26
230 883 98
230 456 190
230 963 19
230 287 53
231 477 18
231 1004 183
231 814 155
231 413 87
231 436 201
231 459 83
231 912 125
232 694 85
232 180 173
232 458 107
233 499 23
233 946 36
233 1009 145
233 988 104
233 23 177
233 594 140
233 561 136
234 817 252
234 224 6
234 729 82
234 730 188
234 857 40
234 330 51
234 499 212
234 737 79
235 29 62
235 165 136
235 445 42
235 49 28
235 396 85
235 23 75
235 298 217
236 117 32
236 359 223
236 396 211
236 892 188
236 910 65
236 471 34
236 330 162
236 370 40
237 117 6
237 86 231
237 522 8
237 749 61
237 607 83
237 530 83
237 80 113
237 886 239
237 554 204
238 525 119
238 871 9
238 713 123
238 222 143
238 919 70
238 490 215
239 388 132
239 165 96
239 144 2
239 683 29
239 871 177
239 996 114
239 955 42
239 274 225
239 131 96
241 130 210
241 380 128
241 589 87
242 874 168
242 211 46
242 85 149
242 283 67
242 3 30
243 664 207
243 369 89
243 464 15
243 3 33
243 24 21
243 2 41
243 118 165
243 528 239
244 270 232
244 609 66
244 903 36
244 349 177
244 994 80
244 667 36
244 483 210
244 41 50
245 825 255
245 560 182
245 859 250
245 26 19
245 231 42
246 391 44
246 240 137
246 335 132
246 487 111
246 873 165
246 54 103
246 788 82
247 513 114
247 841 78
247 367 158
247 846 36
247 192 88
247 440 190
247 463 132
247 119 248
247 717 210
248 911 53
248 296 46
248 26 23
248 697 146
248 226 52
248 403 20
248 548 51
248 581 123
248 310 21
249 854 146
249 567 213
249 34 225
249 108 31
249 385 68
249 94 84
249 511 233
250 226 222
250 128 143
250 419 6
250 541 251
251 904 230
251 254 154
251 323 66
251 632 242
251 382 252
251 560 145
251 107 239
251 46 136
251 398 205
252 0 20
252 980 113
253 184 76
253 789 167
253 783 230
253 223 252
253 80 65
254 705 171
254 532 193
255 871 26
255 640 90
255 61 160
255 233 174
255 291 146
255 721 139
255 742 16
256 104 250
258 542 252
258 914 11
258 778 145
258 789 255
258 304 224
258 796 162
258 528 125
258 475 133
259 851 115
259 560 120
259 690 162
259 148 38
259 276 26
259 1003 106
259 205 46
260 358 198
260 415 249
260 185 29
260 572 104
260 445 25
260 701 244
260 694 80
260 182 72
261 143 33
261 745 77
261 830 43
261 972 155
261 414 165
261 819 220
261 476 195
262 741 126
262 328 111
262 520 171
262 43 208
262 353 55
262 1010 2
262 111 101
263 885 227
265 587 87
266 664 65
266 67 254
266 963 186
266 539 146
266 308 128
267 49 200
267 475 113
267 949 61
267 106 225
268 855 94
268 871 131
268 26 211
268 703 156
268 564 114
269 407 103
269 14 16
269 178 107
269 425 90
269 431 85
269 307 107
270 653 204
270 948 107
270 630 112
270 340 132
270 494 145
270 766 187
270 546 131
270 490 231
271 61 237
272 924 64
272 903 244
272 415 2
272 440 231
272 565 202
272 107 49
273 34 141
273 197 92
273 694 105
273 97 122
273 137 126
273 958 240
273 683 184
273 823 10
274 676 216
274 729 17
274 418 33
275 1006 176
275 487 208
275 989 243
277 768 149
277 736 66
277 421 75
277 95 118
277 106 172
277 544 180
277 25 228
278 516 119
278 151 119
278 278 35
278 69 67
278 708 67
278 917 80
278 293 80
279 458 42
279 180 159
279 815 60
280 233 23
280 555 110
280 196 60
280 791 28
280 293 55
280 907 91
281 796 137
281 372 245
281 61 124
281 518 189
281 873 112
281 1010 96
281 574 72
281 607 131
282 1014 106
282 313 247
282 213 132
282 176 224
282 291 200
282 365 229
282 12 63
282 439 230
282 543 15
283 24 180
283 659 81
283 751 136
283 81 197
283 152 44
284 598 70
284 545 64
284 34 201
284 780 189
284 872 146
285 419 236
285 813 130
285 829 68
285 438 195
285 97 157
286 104 8
286 281 37
286 669 252
286 521 60
286 817 205
286 457 78
287 564 87
287 704 220
287 164 242
287 425 3
287 918 131
287 968 81
287 661 40
287 771 208
287 827 59
288 47 8
288 462 210
288 765 21
288 49 129
288 140 100
288 40 52
289 751 242
289 464 185
289 160 11
289 253 123
289 308 81
289 1017 110
289 704 80
289 977 247
291 822 85
291 67 109
291 337 237
291 919 154
291 19 42
291 277 3
291 145 112
292 617 126
292 574 237
292 404 238
292 71 161
292 837 199
292 876 40
292 755 198
292 240 128
293 503 179
293 647 149
293 544 36
294 873 20
294 555 30
294 858 15
294 528 129
294 818 146
294 995 109
295 816 16
295 758 245
295 857 39
295 105 165
295 251 165
295 616 225
295 53 114
295 834 54
296 853 175
296 459 26
296 25 226
297 388 197
297 99 34
298 105 171
298 110 41
298 247 14
298 106 97
298 458 70
298 345 192
298 950 14
299 75 227
301 368 160
301 391 73
301 324 221
301 993 99
301 194 86
301 358 237
301 95 19
301 236 109
301 679 16
302 625 39
302 45 165
302 390 251
302 622 174
302 138 129
303 70 137
303 405 72
303 814 252
303 796 168
303 243 193
303 764 153
304 765 116
304 798 180
305 230 66
305 1021 224
305 784 20
305 497 101
305 340 6
305 768 245
305 93 57
306 370 195
306 634 94
306 284 25
306 829 204
306 336 153
306 927 195
306 403 20
306 570 38
307 930 115
307 775 96
307 1003 30
307 480 189
307 326 197
307 759 212
308 946 15
308 568 102
308 835 171
308 223 167
308 55 25
308 173 130
308 413 40
308 577 142
308 247 80
309 107 162
309 608 28
309 581 98
309 203 228
311 128 237
311 171 138
311 486 24
311 403 68
312 915 136
312 492 212
312 759 138
312 671 64
313 509 113
313 84 43
314 773 23
314 352 252
314 446 246
314 588 239
314 472 233
314 646 180
314 66 76
314 348 93
314 155 4
315 421 75
315 783 211
315 928 144
315 569 87
315 433 85
315 807 62
315 130 245
315 837 104
316 6 172
316 226 100
316 671 114
317 810 204
317 532 210
317 712 27
318 722 223
318 872 105
318 911 148
318 276 147
318 63 202
318 266 30
319 585 187
319 39 42
319 944 123
319 512 94
319 324 207
319 834 6
319 36 167
320 513 32
320 639 23
320 971 208
320 870 104
320 191 48
321 448 6
321 131 156
321 982 96
321 270 29
321 66 196
321 903 109
321 845 65
321 188 220
322 227 103
322 537 43
322 627 216
322 166 180
322 69 251
322 494 159
322 846 41
323 526 223
323 605 50
323 342 31
323 789 161
323 980 85
324 789 3
324 661 45
324 334 65
324 366 81
324 558 249
324 186 30
324 284 219
325 741 174
325 154 124
325 865 146
325 249 114
325 575 75
325 755 76
325 82 119
327 948 111
328 672 41
328 568 246
328 306 95
328 511 114
328 974 61
329 618 155
329 118 51
329 530 161
329 668 235
329 37 6
330 880 107
330 642 133
330 959 183
330 510 45
330 346 138
330 436 232
330 787 122
330 451 128
330 20 224
332 598 4
332 192 230
332 449 220
332 234 70
332 551 101
333 493 62
333 142 161
333 405 5
333 476 69
333 166 206
333 128 100
334 409 228
334 414 103
334 843 108
334 127 3
334 148 83
334 820 126
334 517 142
334 154 145
334 190 113
335 232 8
336 5 235
337 782 103
338 292 29
338 30 188
338 859 211
338 211 58
338 487 116
338 108 16
338 346 7
339 559 75
340 652 194
340 700 50
340 291 58
340 519 131
340 810 8
340 278 63
340 457 209
341 338 197
341 538 36
341 128 71
341 850 46
341 311 85
341 324 48
341 84 87
341 904 112
341 588 38
342 827 222
342 315 86
342 382 190
342 187 119
342 417 122
342 457 161
342 626 108
342 411 81
343 420 136
343 72 36
343 249 119
343 632 193
343 324 250
343 973 152
343 981 120
343 14 222
344 488 2
344 772 137
344 851 152
344 115 45
344 575 197
345 1019 52
345 650 195
346 518 98
346 606 132
347 641 230
347 659 174
347 441 111
347 895 116
347 860 87
347 51 252
347 120 56
347 519 110
347 729 106
348 650 167
348 881 93
349 286 32
349 86 252
350 90 220
350 670 153
350 182 114
350 384 75
350 479 105
350 215 158
352 186 58
352 100 91
352 921 210
353 827 25
353 17 244
353 623 96
353 586 173
353 271 123
353 682 220
353 51 1
353 355 110
354 123 38
356 957 146
356 398 177
358 406 92
358 350 66
358 158 144
359 560 26
359 502 48
359 340 157
359 136 163
359 780 162
359 400 191
359 39 134
359 435 5
359 381 62
360 546 79
361 98 240
361 455 11
361 552 195
361 18 206
361 904 218
361 1010 38
361 281 69
362 846 140
362 959 184
362 498 133
362 306 22
362 368 143
362 286 71
363 130 52
363 309 179
363 746 243
363 610 30
363 59 129
363 105 169
363 268 83
363 355 193
363 168 102
364 586 201
365 334 6
365 977 56
365 924 116
366 495 223
366 149 175
366 372 137
366 861 233
366 371 155
367 756 62
367 399 172
367 229 165
368 42 218
368 281 135
368 13 191
368 100 46
368 777 242
368 0 218
368 43 208
368 714 255
369 817 232
369 836 108
370 705 10
370 187 108
370 688 49
370 298 98
372 4 50
372 670 140
372 903 21
372 274 198
372 63 186
372 886 1
372 309 212
373 410 225
373 470 8
373 173 194
373 72 207
373 627 155
373 80 215
373 673 63
374 232 98
374 43 234
375 884 128
375 83 238
375 772 207
375 357 110
375 472 15
375 9 241
376 697 112
376 826 46
376 459 78
376 995 108
376 768 221
376 824 75
376 311 103
376 976 223
377 643 20
377 905 80
377 91 184
377 985 248
377 506 96
379 89 242
379 359 148
379 863 254
379 722 48
379 321 249
379 43 154
380 837 127
380 834 153
380 63 121
380 125 173
380 904 55
380 596 104
380 547 200
381 98 142
381 510 227
381 433 67
381 712 51
382 117 245
382 47 105
382 92 180
382 716 83
383 144 178
383 397 62
383 237 184
383 1017 161
384 428 54
384 731 65
384 180 204
384 718 174
384 588 27
384 694 119
385 15 36
385 406 36
385 792 31
385 464 224
386 428 109
386 690 228
386 56 84
386 858 219
386 420 152
386 277 130
386 585 252
386 88 165
386 818 212
387 401 104
387 925 223
387 85 156
387 129 234
387 861 248
387 78 87
387 670 244
387 263 79
388 620 189
388 246 199
388 331 146
388 514 97
388 976 252
388 847 49
388 792 67
389 677 138
389 692 149
389 661 200
389 918 192
389 518 170
389 850 3
389 722 36
390 131 15
390 519 197
390 832 155
390 150 116
390 798 80
390 10 96
390 30 146
390 388 237
391 667 90
391 992 142
391 198 139
391 5 131
392 628 17
392 209 175
392 633 47
392 207 141
392 52 41
392 263 8
392 205 146
394 554 25
394 1014 78
394 684 28
394 686 66
394 944 146
394 536 3
395 878 20
395 480 72
395 281 239
395 72 113
395 264 199
395 508 31
395 462 218
396 843 183
396 24 93
396 507 179
396 192 122
396 173 30
397 937 139
398 1019 64
399 907 118
399 731 253
399 548 54
399 999 159
399 87 49
399 848 62
399 989 150
400 125 197
401 775 233
402 357 173
402 392 66
402 452 229
402 846 82
402 269 37
402 821 116
403 931 127
403 162 204
403 946 197
403 992 24
404 334 76
404 681 126
404 736 189
404 856 156
404 207 142
404 370 186
405 983 175
405 700 86
405 418 123
406 172 121
406 215 115
406 344 138
406 535 67
406 937 52
406 1001 100
407 334 149
407 578 140
407 442 244
407 702 188
407 643 74
409 907 222
410 785 4
410 552 198
410 277 58
410 887 18
411 791 66
411 955 60
411 391 204
411 839 226
411 815 195
411 98 68
411 355 200
411 452 233
411 922 243
412 116 160
412 344 95
412 346 90
412 647 221
412 486 43
412 208 202
412 44 171
413 177 142
413 33 3
413 974 83
413 1003 3
413 508 193
413 941 99
413 842 190
413 840 42
414 434 216
415 651 250
415 206 245
415 831 152
415 817 5
415 81 158
416 888 40
416 889 244
417 345 255
417 92 68
417 621 135
417 10 37
418 885 168
418 129 192
418 142 232
418 351 88
418 618 165
418 267 104
418 687 84
418 17 79
418 1021 71
419 332 196
419 453 237
419 933 145
419 791 244
419 491 1
419 854 53
419 270 112
419 1004 208
420 4 51
420 527 244
420 929 155
421 477 235
422 365 215
422 333 103
422 511 201
422 112 187
422 111 13
422 976 60
422 439 103
422 103 195
423 104 130
423 396 73
423 48 180
423 961 50
424 549 122
424 592 77
424 372 203
424 669 116
424 659 134
424 740 9
424 470 143
425 517 79
425 753 38
425 781 25
425 748 137
425 97 48
425 997 98
425 545 193
425 807 39
425 320 123
426 810 190
426 212 89
426 957 141
427 1002 90
427 177 107
427 775 98
427 526 110
427 622 83
427 754 228
427 26 135
427 293 71
427 45 99
429 837 143
429 513 141
429 394 188
429 210 77
429 792 209
429 956 70
429 8 244
429 685 51
429 504 227
430 918 250
430 288 165
430 411 195
430 122 115
430 261 136
431 661 6
431 992 8
431 372 204
431 686 153
431 862 249
432 528 46
432 905 172
432 272 202
432 81 251
432 952 101
433 344 215
433 440 164
433 376 156
433 566 109
434 744 194
434 147 174
434 708 134
434 281 110
435 707 209
435 1023 171
435 534 57
435 436 11
435 854 53
436 235 194
436 576 54
436 232 200
436 557 203
438 777 57
438 166 145
438 148 109
438 6 192
438 145 73
438 656 64
439 995 67
439 866 72
439 37 5
439 424 201
439 988 192
439 761 146
439 566 136
439 449 238
439 918 213
440 936 99
440 260 17
440 772 90
440 644 199
440 243 123
441 619 253
441 201 247
441 83 22
441 217 229
441 830 8
442 606 56
442 736 130
442 154 47
442 903 194
442 886 195
442 69 72
442 466 28
442 538 116
444 608 83
444 29 218
444 504 207
444 119 15
444 707 251
445 843 104
445 562 49
445 280 170
445 865 42
446 425 179
446 216 223
446 134 8
446 685 100
446 770 37
446 7 46
446 330 89
446 645 164
446 351 181
447 62 70
448 571 49
448 688 230
449 63 253
449 276 12
449 351 111
449 81 141
449 807 215
449 190 113
450 48 96
450 617 24
450 460 53
450 409 189
450 642 90
450 516 13
450 573 181
450 636 187
450 1015 77
451 451 16
451 1003 79
451 888 37
452 190 30
453 168 66
453 199 192
453 188 148
453 762 190
454 306 109
454 134 18
455 463 104
455 91 154
455 153 177
455 40 88
455 381 49
456 158 230
456 602 173
456 471 208
456 37 212
456 80 227
456 59 169
456 244 206
457 153 58
457 952 169
457 104 98
457 991 34
457 130 56
458 40 111
458 155 223
458 91 40
459 605 216
459 819 13
459 147 157
459 582 231
459 324 232
459 222 90
459 993 143
459 227 125
461 972 214
461 178 149
461 766 192
462 76 60
462 276 75
462 400 19
462 433 54
462 887 164
462 947 74
462 1007 156
462 942 82
462 318 134
463 550 37
463 663 10
463 877 172
463 148 119
463 76 151
463 630 218
463 467 28
464 873 167
465 821 178
465 545 168
465 722 206
466 265 217
466 162 132
466 705 241
467 876 180
468 515 102
468 57 200
468 545 28
468 579 4
468 193 108
469 867 2
469 628 143
469 624 210
469 195 226
469 1003 250
469 544 126
469 658 20
469 648 28
469 250 19
470 813 86
470 269 141
472 621 96
472 409 180
472 863 1
473 44 112
473 53 37
473 435 100
473 544 112
473 633 202
475 901 28
475 557 205
475 52 252
475 235 199
475 511 181
475 540 123
475 874 77
476 350 124
476 820 36
476 211 203
477 243 16
477 618 65
477 331 45
478 698 232
479 267 130
480 820 216
480 670 64
480 174 248
480 301 216
481 880 212
481 109 210
481 925 9
481 251 17
481 330 4
482 671 196
482 584 129
482 70 171
482 145 163
482 967 45
482 444 232
482 842 176
482 892 181
484 299 181
484 932 94
484 569 136
484 1023 6
484 700 193
484 808 146
484 605 94
485 676 107
485 305 130
485 257 96
485 607 227
485 986 105
485 196 100
485 951 223
485 636 79
485 558 210
486 114 88
486 832 210
486 986 214
486 857 31
486 109 193
486 284 212
486 1012 219
487 159 103
487 92 13
488 154 179
488 749 75
489 465 36
489 633 249
489 736 108
489 752 245
489 891 136
489 866 45
489 300 198
489 619 39
490 301 69
491 162 225
491 86 230
491 899 34
491 865 33
491 823 67
492 0 183
492 459 58
493 197 126
493 151 6
493 685 40
494 203 73
494 696 214
494 394 210
494 156 132
494 659 238
494 886 107
495 461 204
495 852 206
495 286 67
495 44 162
496 1006 144
496 374 27
496 453 52
496 808 139
496 680 247
496 106 79
496 467 241
496 758 169
497 10 254
497 607 103
497 519 57
497 541 190
497 720 210
498 641 154
499 670 248
500 338 116
500 572 25
500 101 213
500 76 118
500 390 131
500 769 129
501 580 228
501 86 27
501 366 242
501 512 98
501 838 15
501 754 176
501 691 237
501 562 243
503 680 94
503 333 41
504 238 75
504 411 222
504 386 100
504 165 154
504 799 126
504 337 91
504 12 212
505 930 225
505 547 99
505 617 33
505 320 12
505 258 187
505 500 121
505 559 199
505 43 134
505 299 199
506 283 55
506 993 140
506 704 151
506 63 179
506 74 29
506 44 225
506 532 248
506 401 124
507 183 51
507 909 62
507 484 52
507 671 22
507 562 107
508 744 252
508 269 177
508 167 159
508 752 77
508 400 122
508 710 94
508 1017 249
508 26 190
508 496 122
509 247 251
509 369 57
509 932 184
509 911 129
509 278 157
510 44 22
510 593 55
510 687 41
510 807 162
510 1020 242
510 1010 95
510 567 213
510 64 75
511 406 53
511 356 99
511 225 179
511 882 72
512 515 35
512 518 218
512 932 34
512 819 161
512 360 21
512 950 148
512 84 46
513 878 116
514 374 161
514 586 89
514 88 169
514 910 162
514 363 68
514 158 2
514 1020 87
515 217 59
516 535 66
516 829 76
516 755 214
516 725 45
516 299 140
517 958 156
517 32 140
517 1020 165
517 239 3
517 502 198
517 252 137
518 930 159
518 836 198
518 470 157
518 942 247
518 1007 16
518 511 113
518 336 229
518 835 16
519 351 131
519 353 153
520 844 45
520 559 158
520 221 122
520 268 120
520 318 226
520 632 182
520 122 135
520 954 133
521 125 55
521 397 178
521 683 18
521 456 187
522 903 45
523 260 150
523 600 128
523 505 250
523 911 135
523 978 83
523 415 123
523 418 201
523 548 115
523 815 48
525 863 45
525 290 87
525 27 176
525 521 52
526 748 148
526 318 19
526 673 183
526 782 105
526 651 146
526 181 198
527 495 244
527 123 253
527 478 235
527 116 252
527 508 252
528 968 33
528 813 190
528 404 146
529 798 111
529 754 144
529 705 148
529 577 89
529 653 42
529 228 130
529 279 140
529 242 254
529 471 165
530 907 121
530 394 228
530 689 20
530 886 48
531 160 82
531 611 166
531 130 6
532 773 203
532 54 39
532 674 105
532 280 32
532 929 127
532 462 196
532 623 237
532 451 130
533 110 180
533 707 23
533 649 227
534 315 117
534 259 22
534 970 20
534 937 163
535 229 202
535 995 191
535 252 109
535 53 5
535 142 200
535 108 65
535 352 207
535 566 142
535 740 128
536 807 126
536 22 220
536 164 7
536 165 87
536 534 108
536 30 224
536 865 236
537 884 91
537 75 103
537 607 194
537 187 149
537 744 198
537 646 44
537 649 97
537 592 60
538 367 41
538 505 39
538 589 119
538 279 6
539 857 60
539 542 146
540 126 106
541 807 189
541 520 216
541 856 117
541 157 19
541 221 99
542 563 234
542 299 197
543 719 106
543 76 115
543 797 211
543 927 119
543 202 21
543 791 22
543 733 23
543 792 112
544 795 233
544 1018 79
544 979 113
544 13 223
545 678 217
545 713 150
545 518 153
545 984 30
545 669 247
545 190 8
545 798 226
545 232 161
546 174 14
546 317 101
546 501 72
546 388 143
547 724 238
547 924 17
547 120 146
547 320 135
547 922 31
547 709 170
547 164 33
548 849 42
548 469 234
548 94 205
548 375 83
548 770 150
548 611 100
549 693 194
549 534 50
549 71 154
549 889 77
549 301 182
549 146 57
549 369 102
550 153 36
550 308 235
550 722 94
550 443 196
550 416 130
550 70 84
550 254 153
550 1014 126
551 806 104
551 18 98
551 382 220
551 799 192
551 538 227
551 191 105
551 55 181
551 846 57
551 632 99
552 444 119
552 650 72
552 892 147
553 142 224
553 893 214
553 298 217
554 116 123
554 754 23
555 952 69
555 696 60
555 737 26
555 367 128
555 488 22
555 1012 15
555 916 190
555 709 143
555 498 170
556 473 222
556 338 128
556 726 212
556 307 141
556 463 157
556 52 148
556 930 242
556 639 80
556 593 120
557 440 230
557 729 100
558 548 249
558 542 26
559 793 31
559 908 150
559 468 90
559 826 30
559 964 119
560 125 22
560 74 73
560 194 166
560 664 28
560 962 235
560 339 137
561 515 155
561 804 92
562 623 45
562 808 249
562 449 197
562 699 140
562 390 221
562 902 203
562 101 227
562 310 198
563 322 23
563 673 237
563 166 113
563 7 162
563 458 168
563 596 153
564 582 179
566 816 241
566 444 220
566 182 104
566 922 202
566 893 113
566 188 71
567 11 91
567 684 199
567 273 151
567 665 170
567 174 234
567 709 223
567 551 96
567 787 249
567 91 74
568 996 204
568 664 38
568 326 152
568 120 169
568 366 188
568 143 128
568 589 229
568 357 167
569 11 44
569 141 209
569 381 235
569 255 224
570 698 92
570 1019 160
570 589 122
570 909 231
571 476 172
571 544 188
571 938 67
571 29 213
571 606 29
572 941 79
572 778 176
572 232 195
572 727 225
572 246 4
572 299 72
572 450 255
572 879 53
572 25 94
573 880 6
573 317 100
573 731 254
573 459 208
574 301 21
574 892 253
574 869 79
574 352 149
574 106 111
575 36 29
576 189 207
576 162 73
576 688 29
576 678 199
577 841 255
577 520 109
577 280 74
577 751 142
577 43 27
577 201 155
577 573 238
577 1012 211
577 200 116
578 439 124
578 714 19
578 687 61
578 273 44
578 248 223
578 514 123
578 841 66
578 223 95
579 212 231
579 683 235
579 302 12
580 408 136
580 422 61
580 275 226
580 792 134
580 981 233
580 599 97
580 354 173
580 337 254
580 231 211
584 108 172
584 675 234
584 730 58
584 322 76
584 811 127
584 648 62
585 570 181
585 400 245
585 987 35
585 9 103
586 841 222
586 15 187
586 551 238
586 300 207
586 617 212
587 89 10
587 995 27
587 581 75
587 161 153
587 554 8
587 112 115
587 219 46
587 910 33
588 756 216
588 977 65
588 0 121
588 234 253
589 33 222
589 122 12
589 537 187
589 375 64
590 186 224
590 538 128
590 284 214
590 158 116
590 651 140
590 437 118
590 668 227
590 60 189
591 885 29
591 990 61
591 647 128
591 490 20
591 653 41
593 26 153
593 590 84
593 885 44
594 392 73
594 623 209
594 356 41
595 903 51
595 605 133
596 400 51
596 298 209
596 716 183
596 939 146
596 831 55
596 275 133
596 624 118
597 448 179
597 499 221
597 136 7
598 486 93
598 730 9
598 966 51
598 344 102
598 132 121
598 759 151
598 368 38
598 59 122
598 533 25
599 900 172
599 991 253
599 16 6
600 273 40
600 491 98
600 433 112
600 110 215
601 217 144
601 729 255
601 760 86
601 237 46
601 305 9
601 379 84
601 260 164
602 133 201
602 885 55
602 568 28
602 227 91
602 100 157
602 564 128
602 115 152
602 235 220
602 361 68
603 279 249
603 593 92
603 985 198
604 568 119
604 905 217
604 934 121
604 557 167
604 379 32
604 1023 26
604 240 237
604 334 220
604 385 67
605 942 137
605 862 220
605 542 185
605 956 137
606 189 36
607 386 20
607 1023 70
608 283 178
608 786 171
608 787 245
608 157 1
608 446 135
609 260 14
609 660 132
609 853 56
609 140 254
610 188 120
610 789 91
610 427 85
610 469 179
610 886 64
610 391 19
610 923 133
611 593 100
611 406 1
611 914 46
611 441 34
611 209 137
611 127 239
612 996 95
613 113 45
613 541 150
613 871 197
613 273 77
613 986 177
613 558 111
613 610 54
614 685 215
614 928 244
615 150 80
615 170 47
615 371 55
615 322 233
615 378 66
615 311 14
615 994 36
615 786 88
616 844 139
616 648 161
617 151 91
617 450 78
617 24 30
617 863 202
617 482 10
618 180 150
618 747 223
618 282 32
618 684 185
618 640 34
619 33 205
619 720 148
619 961 17
619 224 124
620 840 198
620 714 10
620 879 122
622 55 192
622 972 99
622 596 89
622 582 233
622 1023 252
622 451 23
623 207 121
623 62 221
623 698 226
623 799 90
623 439 136
623 521 122
624 1012 81
624 162 114
624 841 133
624 268 110
624 863 228
625 520 218
625 950 242
627 679 33
627 102 214
627 426 69
627 184 245
627 141 73
627 857 247
627 1009 190
627 60 75
628 588 74
628 144 5
629 506 214
629 426 102
629 155 121
630 852 110
630 1021 235
630 72 201
630 350 88
630 937 181
630 692 58
631 173 106
631 193 28
631 619 52
631 810 174
631 698 4
631 764 23
632 607 105
632 1023 74
632 394 21
632 314 1
632 601 76
634 720 108
634 17 129
636 500 8
636 936 186
636 224 49
636 629 44
636 955 72
636 903 118
637 202 151
637 32 176
637 229 178
638 358 142
638 315 94
638 209 160
638 293 66
638 308 26
638 529 36
638 275 244
638 674 11
638 787 228
639 234 218
640 683 164
640 266 88
640 532 170
640 590 218
640 980 56
640 1001 9
640 355 38
640 738 208
640 577 79
641 377 136
641 813 112
641 35 53
641 414 92
643 616 160
643 920 242
643 215 138
643 398 191
643 348 211
643 853 21
643 317 141
644 310 91
644 971 103
644 938 237
644 3 210
645 849 110
645 209 93
645 982 84
645 960 113
645 811 128
645 236 71
646 559 5
646 624 141
646 974 60
646 790 180
646 807 156
646 541 49
646 431 155
647 697 23
647 121 39
647 325 180
647 513 76
647 463 122
648 291 70
648 605 220
648 332 116
649 230 89
649 187 19
649 5 221
649 489 121
650 547 109
650 666 201
650 965 161
650 310 41
650 475 236
650 1000 91
650 627 219
651 629 3
652 672 232
652 677 12
653 988 74
653 637 22
653 275 52
653 1012 84
653 362 140
653 514 149
653 188 244
653 223 56
653 897 144
654 126 18
654 362 151
657 668 222
657 108 72
657 224 189
657 804 234
657 283 116
657 442 66
657 567 67
658 676 39
658 3 109
658 736 65
658 5 196
658 26 119
658 650 100
659 754 171
659 2 2
659 868 223
659 720 111
659 94 215
660 15 182
660 121 158
660 210 129
660 117 112
661 380 89
661 11 83
661 447 241
662 489 58
662 260 155
662 650 145
662 439 135
662 211 230
662 690 61
662 50 138
664 352 31
664 207 182
665 486 200
665 397 206
665 474 22
665 946 203
665 799 138
665 108 167
665 910 107
666 73 255
666 222 128
666 808 216
666 899 244
666 198 235
667 476 60
667 46 173
667 263 12
667 536 233
668 889 72
669 637 160
670 95 37
670 371 54
671 714 206
671 60 10
671 956 101
671 473 228
671 507 99
671 778 128
671 803 28
672 806 82
672 478 53
672 872 87
672 876 35
672 441 181
672 569 117
672 657 72
673 602 53
673 298 122
673 775 233
673 368 42
673 375 195
673 877 172
673 599 147
674 379 70
674 187 234
674 856 247
674 558 215
674 993 226
674 40 242
674 703 117
674 203 11
675 786 51
675 702 129
675 462 112
675 683 119
675 398 97
675 349 103
675 442 22
675 278 115
676 92 35
676 688 91
676 355 234
676 544 197
676 992 86
679 443 158
679 36 171
680 845 105
680 744 122
680 316 23
680 539 217
680 906 24
680 402 59
680 774 246
680 712 165
682 605 77
682 706 74
682 289 121
682 1007 207
682 433 251
682 652 129
683 161 152
683 674 197
683 758 148
683 194 142
683 847 190
683 306 31
683 463 155
684 1014 96
684 761 162
684 373 88
684 443 133
684 47 37
684 834 7
684 202 190
684 868 122
684 546 24
685 416 92
685 586 241
685 410 239
685 82 16
685 430 84
685 573 19
685 587 168
686 519 217
686 376 151
686 356 154
686 807 244
686 190 49
687 217 148
688 243 34
688 686 72
688 266 147
688 361 15
688 366 80
688 160 61
689 553 246
689 116 19
689 404 179
689 661 185
689 377 167
689 743 243
689 897 173
689 379 186
689 50 60
690 19 171
690 704 137
690 476 226
690 850 234
690 312 200
690 224 31
691 951 97
691 527 148
691 606 179
691 724 248
691 296 214
691 212 80
692 561 237
692 952 60
692 293 35
692 495 17
692 496 162
692 368 85
692 421 8
692 400 206
693 576 14
693 936 51
693 1011 217
693 459 161
693 439 244
693 115 193
694 399 212
695 82 220
695 552 77
695 761 73
695 644 130
696 236 149
697 561 2
697 148 62
697 1017 188
697 27 109
697 60 180
697 594 118
697 229 72
698 520 25
698 721 227
698 80 156
698 306 106
698 613 220
698 557 50
698 517 244
699 240 63
699 496 60
699 116 234
699 840 198
699 24 195
699 698 98
699 746 235
699 478 95
700 852 37
700 502 96
700 778 10
700 35 73
700 809 154
701 489 24
701 305 200
701 469 230
701 366 71
701 53 228
701 834 15
701 568 30
701 174 198
701 82 173
702 480 202
702 279 242
702 676 110
702 214 89
702 421 217
702 373 57
703 854 184
703 952 189
703 477 192
703 151 68
703 581 93
704 998 44
704 785 214
704 10 89
704 465 44
704 453 81
704 242 72
704 819 51
704 362 174
704 61 140
705 974 249
705 78 53
705 11 201
705 952 26
705 932 30
705 344 228
705 510 5
705 218 235
706 977 87
706 397 23
706 59 198
706 256 158
706 535 25
707 689 113
707 209 68
707 658 150
707 271 147
707 972 251
707 390 87
707 460 71
708 540 154
708 770 6
708 331 67
708 855 70
708 465 216
708 436 248
708 671 226
709 79 165
710 275 6
710 717 95
710 821 250
710 859 159
710 786 122
710 508 16
710 924 198
711 127 42
711 164 253
711 437 24
711 171 200
711 57 193
711 585 205
711 547 37
712 496 161
712 135 142
712 560 82
713 480 146
713 954 102
713 382 44
713 543 36
713 950 137
713 655 76
713 249 96
713 511 36
713 780 121
715 824 246
716 500 92
717 41 16
717 231 51
718 69 198
718 668 237
718 1021 88
718 320 167
718 716 244
719 567 140
719 383 238
719 578 170
719 14 185
719 418 32
719 37 15
720 107 149
720 745 187
721 415 241
721 385 134
722 344 77
722 188 9
722 826 94
722 459 95
723 245 148
723 205 42
723 775 25
723 698 98
723 654 113
723 193 18
723 785 50
723 745 195
723 580 198
724 563 211
724 177 177
724 954 86
724 20 81
724 988 68
724 976 16
724 822 101
724 977 4
724 782 243
725 738 89
725 183 233
725 449 90
725 283 216
725 968 145
727 942 124
727 584 22
727 42 22
728 372 88
728 138 67
728 812 50
728 933 227
728 406 209
728 160 234
728 624 23
729 512 139
729 463 162
729 358 169
729 368 163
729 410 102
729 13 106
729 782 253
729 941 148
729 311 134
730 706 154
730 311 155
730 998 102
730 68 6
731 996 147
731 712 1
731 862 156
731 420 47
731 324 86
731 872 133
731 9 154
731 785 207
732 153 200
733 819 210
733 438 205
733 833 211
733 265 248
733 905 26
733 768 21
733 228 150
733 425 109
733 243 147
734 781 227
734 384 134
734 454 152
734 792 126
735 38 190
735 837 53
735 692 143
735 381 32
735 249 88
735 296 227
735 61 112
735 733 245
736 395 184
736 230 210
736 993 248
736 311 93
736 691 207
738 148 71
738 345 56
738 425 222
738 702 35
738 854 49
738 312 250
738 463 103
738 247 53
738 163 240
739 340 108
739 1018 196
739 205 142
740 765 109
740 992 19
740 3 157
740 879 113
740 983 161
740 527 88
740 1016 222
740 280 16
741 159 3
741 579 138
741 877 236
741 313 197
742 569 98
742 652 103
742 972 62
744 377 196
744 356 117
744 205 236
744 241 235
745 547 204
745 209 243
745 939 94
745 684 218
746 83 181
746 528 1
747 549 214
747 265 112
747 190 171
747 374 41
747 858 107
748 61 235
748 829 21
748 632 95
749 122 147
749 594 31
749 852 67
750 707 40
750 500 228
750 496 120
750 832 123
750 58 50
750 493 65
750 971 229
751 453 70
751 40 94
751 846 198
751 749 213
751 863 85
751 449 22
751 281 69
751 36 156
752 17 79
752 886 225
752 746 236
752 715 107
752 379 178
753 525 38
753 505 165
753 760 31
753 911 66
753 645 192
753 376 132
753 429 209
753 219 82
753 737 230
754 214 188
754 104 221
754 109 21
754 653 215
754 67 54
754 150 238
754 312 20
756 514 13
756 886 104
756 968 207
757 837 75
757 482 251
757 201 86
758 781 50
758 764 72
758 852 145
758 822 201
758 799 186
758 306 177
759 58 165
759 720 235
759 278 197
759 942 105
760 386 160
760 679 31
760 396 50
760 760 4
760 939 207
761 274 112
761 591 118
762 33 33
762 606 142
762 922 84
764 82 142
765 705 171
765 604 233
765 887 131
765 871 107
765 836 191
765 970 143
765 180 136
765 250 120
765 28 24
766 395 173
766 718 234
766 69 171
766 942 182
766 806 245
766 440 208
766 249 49
766 169 155
767 866 249
767 369 144
767 93 66
767 293 205
768 86 59
768 827 227
768 113 159
768 860 55
769 467 169
769 652 61
769 296 243
769 901 75
770 404 103
770 128 18
770 569 58
770 156 170
770 108 103
770 362 71
770 67 248
771 879 92
771 408 81
772 819 125
772 677 238
772 834 49
772 569 195
772 316 112
772 829 181
772 69 209
772 242 223
772 662 37
773 414 253
773 818 101
773 162 97
774 184 144
774 960 87
774 356 255
774 989 39
775 619 34
775 446 250
775 953 120
775 709 224
775 912 198
775 966 254
775 281 97
777 953 108
777 146 237
777 468 66
777 72 201
777 248 17
777 903 81
777 500 241
777 62 191
778 73 104
778 800 42
778 103 171
778 914 246
778 631 42
778 465 150
778 104 185
779 24 241
779 531 149
779 521 44
779 223 181
780 641 104
780 384 191
781 524 8
781 897 68
781 312 54
782 396 201
782 827 51
783 922 129
783 140 241
783 753 225
783 380 206
783 369 128
783 593 169
783 850 83
784 381 240
784 565 247
784 213 155
784 311 99
784 719 89
784 207 114
784 235 234
784 203 64
784 59 61
785 551 89
785 203 113
785 729 156
785 106 219
785 475 19
785 575 164
786 301 162
786 496 201
786 734 77
786 136 194
787 192 117
787 384 9
787 805 169
787 355 71
787 854 38
787 911 19
788 684 159
788 861 25
788 511 219
788 167 134
788 242 167
788 689 205
788 748 10
791 768 210
791 1000 214
792 849 49
792 816 16
792 469 242
792 988 85
792 810 83
792 655 63
792 253 38
792 378 101
792 428 174
793 370 137
793 731 226
793 240 212
794 855 32
796 156 142
796 574 157
796 264 254
797 49 66
797 86 36
797 89 98
797 874 190
798 396 146
798 821 237
798 1013 150
798 15 129
798 643 89
798 919 22
799 735 149
799 918 28
799 807 172
799 163 248
800 272 236
800 498 36
800 825 169
800 517 49
800 94 159
800 984 235
800 785 159
802 826 183
803 319 232
803 603 41
803 298 125
803 59 221
803 916 235
803 261 154
804 160 163
804 568 98
804 971 224
804 485 61
804 963 252
804 956 153
804 944 11
804 281 191
805 389 110
805 288 183
805 679 218
805 168 240
806 223 235
806 599 171
806 686 199
806 550 208
806 715 87
806 30 46
806 536 239
806 9 185
806 11 115
808 8 182
808 252 80
809 555 82
809 152 194
809 219 40
809 178 87
809 325 81
810 406 10
810 178 41
811 103 186
811 180 106
811 199 210
811 460 148
811 652 128
811 712 85
811 487 72
811 962 81
811 196 78
812 674 143
812 513 224
812 481 70
812 903 57
812 544 143
812 832 151
812 695 247
812 398 36
813 37 178
813 146 109
813 433 166
813 351 178
813 317 93
813 630 25
814 65 29
814 433 123
814 684 76
814 122 40
814 318 216
814 901 79
814 238 255
815 154 96
815 78 92
815 833 201
815 945 84
815 953 64
815 725 47
816 521 8
816 65 210
818 454 11
819 633 71
819 687 46
819 491 254
819 238 137
819 697 61
819 579 46
820 51 33
820 58 176
820 750 48
820 396 203
820 802 144
820 210 236
820 547 208
820 645 7
820 374 216
821 56 64
821 35 110
821 646 184
821 901 55
822 959 170
822 216 94
822 940 163
822 821 51
822 188 52
823 532 253
823 210 211
823 287 52
823 229 215
823 156 200
823 490 179
823 133 174
823 945 111
824 469 198
825 222 217
825 468 244
826 71 116
826 532 107
827 235 205
827 992 214
827 758 22
827 723 182
827 128 197
827 147 235
827 145 181
828 120 188
828 275 93
828 682 79
828 398 211
828 757 251
828 108 159
828 817 134
828 107 213
829 27 213
829 596 83
829 428 156
829 610 113
829 561 58
829 536 248
829 508 253
830 481 71
830 395 208
830 817 60
830 563 72
830 16 139
831 650 97
831 740 127
831 30 58
831 750 20
831 988 163
832 616 82
832 755 225
832 886 118
832 802 210
832 262 125
834 704 149
834 567 114
834 624 186
834 221 236
835 918 54
835 825 118
835 682 161
835 492 130
835 7 26
835 769 6
836 526 25
836 244 59
836 1008 207
836 852 40
836 933 152
836 148 5
837 836 213
837 869 48
837 654 96
837 15 18
837 562 25
837 744 179
838 664 196
838 866 5
838 479 82
838 924 228
838 880 211
838 629 5
838 596 100
841 347 141
841 299 246
841 59 17
841 768 24
842 142 209
842 294 17
842 509 116
842 756 100
842 316 22
842 581 80
842 629 167
843 5 162
843 217 26
843 151 132
843 218 236
843 675 130
843 908 224
843 385 75
844 769 114
844 199 160
844 928 8
844 279 194
844 362 108
845 489 59
845 966 81
845 709 188
845 151 88
845 460 100
846 878 214
846 253 206
846 212 119
846 446 17
846 176 38
846 195 236
846 518 67
846 693 190
847 812 240
847 525 194
847 414 102
847 208 40
847 494 104
847 346 163
847 159 140
848 173 154
848 979 18
848 116 92
848 505 130
849 231 51
849 999 68
849 129 248
849 505 146
849 819 30
849 725 212
849 14 243
849 609 209
851 441 23
851 229 123
851 919 59
851 1011 207
851 148 193
851 822 194
853 561 118
853 937 5
853 313 134
853 635 86
853 854 65
853 481 144
854 422 204
854 1021 183
854 760 6
854 757 63
854 570 67
854 506 132
854 850 146
854 746 25
855 982 130
855 738 99
856 211 118
857 138 63
857 846 213
857 315 145
857 914 72
857 369 183
857 580 79
857 608 44
857 314 188
858 269 99
858 752 198
858 721 211
858 625 42
858 837 133
858 654 168
859 821 89
859 316 32
859 405 8
859 287 34
860 304 134
860 636 37
861 565 61
861 495 45
861 703 17
861 283 157
861 226 130
861 643 200
861 357 142
861 742 8
861 677 59
862 83 210
862 385 39
863 864 56
863 106 140
863 496 73
865 290 204
865 462 221
865 902 25
865 860 150
865 294 171
866 623 62
866 765 36
866 154 218
867 738 125
867 89 21
867 345 81
867 441 32
867 221 243
867 399 134
867 515 231
868 114 1
868 107 189
868 383 6
868 952 16
868 61 197
868 945 80
868 888 6
869 911 214
869 960 163
869 767 204
869 460 109
869 370 223
869 744 218
869 915 2
869 24 247
870 688 238
870 107 12
871 957 26
871 561 151
871 811 47
871 119 111
871 282 188
871 932 148
871 866 14
871 493 76
872 300 82
872 232 23
872 743 106
872 289 107
872 897 51
872 900 119
873 348 218
874 219 102
874 974 131
874 93 185
874 305 12
874 765 168
874 663 1
875 453 67
875 368 96
875 541 171
875 846 84
876 339 90
876 285 85
877 322 90
878 41 196
878 320 15
878 533 20
878 670 67
879 803 172
879 989 193
880 621 253
880 854 230
880 3 92
880 821 189
880 563 94
881 748 21
881 588 129
881 637 111
881 8 211
881 898 41
881 107 77
882 936 204
882 402 208
882 394 113
882 71 132
883 94 140
883 611 220
883 723 224
883 799 147
883 1009 213
883 890 122
883 993 43
883 850 203
883 101 138
884 729 142
884 742 115
885 739 32
885 974 81
885 797 144
885 124 79
885 562 206
885 813 193
885 554 114
885 843 193
885 57 60
886 744 166
887 949 8
887 777 88
888 901 158
888 400 223
888 953 200
888 159 182
888 889 46
888 333 52
888 794 78
888 969 13
889 825 208
889 1011 176
889 641 6
889 223 203
889 366 207
889 861 146
890 39 176
890 227 173
890 106 201
890 448 38
890 243 39
892 874 242
892 485 120
892 635 139
892 885 14
892 873 19
893 397 225
893 483 177
894 948 181
894 772 136
894 288 79
894 310 188
894 678 2
894 213 158
894 575 108
894 953 116
895 341 77
895 262 99
895 177 180
896 205 109
896 253 107
896 838 218
896 673 82
897 509 17
897 223 156
897 710 205
897 172 14
898 887 128
899 330 210
899 747 231
899 882 230
899 237 29
899 250 230
899 813 55
900 239 59
901 830 33
901 6 190
902 847 51
902 332 71
902 650 112
903 252 79
903 230 197
903 1023 234
903 343 236
903 617 81
903 227 36
904 489 118
904 420 112
904 847 6
905 209 219
908 111 165
908 930 30
909 564 93
909 551 19
909 358 115
909 981 89
910 218 42
910 712 237
910 9 252
910 968 84
910 467 51
910 685 89
910 325 54
910 238 100
911 428 142
911 208 189
911 343 7
911 921 184
911 81 214
911 785 170
911 349 171
911 0 231
912 694 7
912 285 66
912 251 53
912 956 215
912 598 198
912 416 140
912 996 118
913 66 60
913 701 205
913 785 95
914 501 152
914 991 22
914 543 14
914 640 148
914 82 166
914 138 61
914 636 67
915 980 218
915 253 78
915 725 109
915 990 115
916 839 208
916 704 170
916 321 253
916 253 89
916 209 2
916 992 5
916 3 102
916 680 173
918 342 208
918 98 132
918 729 137
918 542 38
918 301 168
918 790 155
918 661 181
918 468 118
919 60 223
919 126 234
919 995 68
919 517 100
919 131 191
919 835 193
920 291 219
921 196 156
923 339 239
924 403 73
924 223 223
925 608 44
925 637 117
925 382 220
925 780 106
925 891 44
925 209 122
926 358 43
926 14 90
926 955 170
927 549 154
927 128 194
927 960 239
927 966 105
927 975 149
927 936 3
927 313 65
927 863 233
928 970 7
928 993 149
928 377 106
928 662 212
928 991 240
928 481 83
928 709 50
928 979 126
929 660 150
929 659 120
929 1021 76
929 37 163
930 536 67
930 773 44
930 426 255
930 244 223
930 10 76
930 703 209
931 558 243
931 350 99
931 290 1
931 638 111
931 421 55
931 166 193
931 243 152
931 459 9
931 214 143
932 187 199
932 151 14
932 497 4
932 573 57
933 302 177
933 259 169
933 485 189
933 709 92
933 440 168
933 590 138
934 43 207
934 789 172
934 326 135
935 900 78
935 891 253
935 59 109
935 235 188
936 682 231
938 693 152
939 338 234
939 434 223
939 643 129
939 451 210
939 920 192
939 876 77
940 113 208
940 903 60
941 946 99
941 3 64
941 369 76
941 758 166
941 80 236
941 1007 67
941 741 96
941 88 249
941 472 85
942 177 176
942 1010 17
942 417 135
942 761 40
942 905 138
942 245 14
942 304 245
942 925 250
944 1012 122
944 646 129
944 961 203
944 442 76
944 730 186
944 249 12
944 766 141
945 0 215
945 932 177
945 889 32
945 546 68
946 596 116
946 371 184
947 574 246
947 965 94
947 885 163
947 661 104
948 576 171
948 533 40
948 409 177
948 130 99
948 414 40
948 493 222
948 648 22
948 606 233
948 38 214
949 361 111
950 891 235
950 415 34
950 441 60
950 290 8
950 841 170
950 521 41
950 639 200
950 590 162
950 109 23
951 973 132
951 514 15
951 732 67
951 1010 122
951 912 28
951 689 230
951 383 60
951 258 111
952 452 202
952 92 190
952 488 158
952 206 26
952 76 4
952 898 198
952 507 96
952 168 203
953 405 93
953 76 13
953 75 55
953 916 118
953 552 73
953 54 178
953 583 33
954 286 123
954 681 178
954 209 247
954 771 235
954 572 200
954 519 193
954 7 69
954 100 58
954 671 188
955 1016 54
955 804 225
955 360 204
955 885 93
955 609 116
955 334 122
955 668 169
955 782 180
956 410 33
956 95 240
956 164 183
956 85 133
956 133 220
956 511 41
957 715 122
957 679 207
957 847 177
957 710 144
957 336 126
958 536 212
958 789 18
958 291 207
958 691 74
958 467 78
959 246 72
959 988 50
959 141 89
959 532 166
959 166 69
960 75 84
960 553 107
960 611 47
961 776 251
961 419 225
961 774 35
961 696 176
962 412 125
962 897 47
962 552 207
962 668 101
962 380 109
962 246 173
962 593 151
962 131 247
963 402 60
963 626 82
963 419 51
963 950 8
964 204 193
964 563 116
964 251 27
964 641 156
965 917 223
965 725 71
965 36 14
966 979 70
966 796 236
966 846 123
966 303 219
966 602 15
967 864 9
967 949 196
967 69 228
967 71 233
967 788 77
967 329 163
967 560 120
969 637 13
969 849 192
969 707 49
969 805 40
969 264 28
969 501 62
969 71 247
969 618 215
970 71 42
970 651 157
970 305 86
970 121 251
972 447 217
972 642 154
973 371 76
973 255 101
973 220 44
973 778 218
973 576 158
973 471 249
975 662 5
975 272 19
976 724 249
976 469 158
977 317 145
978 726 101
978 331 14
978 989 234
978 414 79
978 1018 64
978 799 6
978 451 13
979 527 24
979 78 105
979 948 220
979 75 54
979 788 181
979 881 191
979 594 132
979 454 22
980 22 75
980 441 85
980 650 34
980 258 167
980 119 251
980 752 65
980 849 210
980 848 100
981 355 251
981 97 251
981 234 240
981 496 35
981 771 56
981 62 65
983 996 73
984 838 88
984 794 149
984 755 5
984 393 73
984 11 80
984 424 109
984 428 124
984 683 125
985 666 174
986 336 255
986 758 250
986 261 237
986 389 39
986 1000 186
986 603 218
986 1009 57
987 562 41
987 982 104
987 545 83
987 486 19
987 844 68
987 280 155
987 245 9
987 753 203
987 365 146
988 18 184
988 120 123
988 501 86
988 135 73
988 479 104
988 515 35
988 141 74
988 885 170
988 425 103
989 659 23
989 360 206
989 1022 158
989 140 41
989 374 207
989 212 168
990 726 254
990 1003 33
990 798 148
990 812 26
990 539 254
991 218 165
991 260 92
991 758 188
991 783 115
991 646 147
991 353 29
991 39 167
992 446 136
992 871 193
992 527 24
992 986 130
992 505 7
992 900 8
992 591 191
993 893 132
993 492 96
993 179 183
994 576 137
994 808 220
994 926 84
994 596 135
995 979 143
995 835 33
995 132 118
996 138 8
998 1018 121
998 436 67
998 342 43
998 525 211
998 865 5
998 0 116
998 30 72
998 657 32
998 705 57
999 253 188
999 993 42
999 469 59
999 801 142
999 86 240
999 838 13
999 488 139
1000 596 7
1000 647 176
1000 65 48
1000 3 147
1000 56 185
1000 784 150
1000 667 29
1000 763 78
1000 133 107
1001 509 180
1001 607 92
1001 158 157
1001 230 113
1001 1007 45
1002 779 226
1002 429 35
1002 930 178
1002 596 59
1002 895 56
1002 250 112
1002 975 57
1003 590 88
1003 661 106
1003 254 4
1003 136 234
1003 749 55
1003 646 247
1003 84 28
1003 187 30
1004 97 250
1004 729 47
1004 401 193
1004 697 112
1004 891 190
1004 164 30
1004 638 229
1005 226 194
1005 238 59
1005 675 91
1006 236 233
1006 512 154
1006 889 220
1006 564 255
1006 198 169
1006 389 230
1006 393 84
1007 469 60
1007 868 173
1007 370 104
1007 550 3
1007 710 65
1007 947 171
1007 645 215
1007 172 230
1007 919 191
1009 881 19
1009 816 65
1009 752 49
1009 275 216
1009 827 243
1009 417 97
1009 948 124
1009 325 152
1009 272 121
1011 624 165
1012 120 220
1012 150 71
1013 642 23
1013 867 188
1013 434 171
1013 805 169
1013 759 91
1013 599 172
1013 562 13
1014 407 81
1014 120 132
1014 222 32
1014 782 71
1014 957 112
1014 675 224
1014 291 4
1014 568 211
1014 662 168
1015 499 235
1015 972 150
1015 254 249
1015 905 151
1015 841 81
1015 842 64
1015 488 85
1016 73 163
1016 586 167
1016 245 82
1016 467 101
1016 379 203
1017 329 212
1017 518 29
1018 383 117
1018 164 80
1018 42 189
1018 100 171
1018 616 167
1018 145 196
1019 609 54
1019 1009 10
1019 577 162
1020 370 226
1020 317 20
1021 663 25
1021 810 108
1021 904 59
1021 718 59
1021 477 78
1021 440 249
1021 37 215
1022 325 130
1022 970 240
1022 375 252
1022 33 19
1022 443 220
1022 169 150
1022 900 149
1023 706 17
1023 926 195
1023 334 145
1023 106 35
1023 373 111
1023 468 172
1023 242 217
